version https://git-lfs.github.com/spec/v1
oid sha256:bde85d2bcfd7dded1ed60b214de7396fa41562eeac38660ed8f35ba4986ed990
size 13669
